<?xml version="1.0" encoding="UTF-8" standalone="no"?>
<!DOCTYPE svg PUBLIC "-//W3C//DTD SVG 20010904//EN"
              "http://www.w3.org/TR/2001/REC-SVG-20010904/DTD/svg10.dtd">

<svg xmlns="http://www.w3.org/2000/svg"
     width="7.11111in" height="7.11111in"
     viewBox="0 0 512 512">
  <path id="Pfad"
        fill="none" stroke="black" stroke-width="1"
        d="M 236.38,228.75
           C 236.44,208.19 210.00,205.00 210.00,205.00
             210.00,205.00 162.99,204.99 162.99,204.99
             162.99,204.99 162.99,188.99 162.99,188.99
             162.99,188.99 85.00,189.00 85.00,189.00
             85.00,189.00 47.00,305.99 47.00,305.99
             47.00,305.99 96.98,306.01 96.98,306.01
             96.98,306.01 103.00,280.00 103.00,280.00
             103.00,280.00 123.01,279.99 123.01,279.99
             123.01,279.99 122.99,306.00 122.99,306.00
             122.99,306.00 179.00,306.01 179.00,306.01
             179.00,306.01 179.00,264.00 179.00,264.00
             179.00,264.00 192.98,263.98 192.98,263.98
             192.98,263.98 193.00,306.01 193.01,306.00
             193.02,306.00 274.99,306.00 274.99,306.00
             274.99,306.00 275.01,256.02 275.00,256.01
             275.01,256.01 279.01,256.00 279.01,256.00
             279.01,256.00 295.01,307.98 295.01,307.98
             295.01,307.98 314.99,307.99 314.99,307.99
             314.99,307.99 330.00,255.00 330.00,255.00
             330.02,255.00 333.99,255.01 333.99,255.01
             333.99,255.01 334.02,308.00 334.02,308.00
             334.02,308.00 390.00,308.00 390.00,308.00
             390.00,308.00 390.02,279.96 390.02,279.96
             390.02,279.96 408.01,280.02 408.01,280.02
             408.01,280.02 416.01,307.99 416.01,307.99
             416.01,307.99 466.00,308.00 466.00,308.00
             466.00,308.00 427.00,189.00 427.00,189.00
             427.00,189.00 348.01,189.00 348.01,189.00
             348.01,189.00 348.00,204.99 348.00,204.99
             348.00,204.99 316.00,205.02 316.00,205.02
             316.00,205.02 303.08,247.02 303.08,247.02
             303.08,247.02 289.00,204.99 289.00,204.99
             289.00,204.99 236.99,205.01 236.99,205.01
             236.99,205.01 237.00,270.98 237.00,270.98
             237.00,270.98 233.03,270.98 233.03,270.98
             233.03,270.98 231.63,256.54 217.99,254.72
             218.01,254.72 217.96,250.96 217.96,250.96
             217.96,250.96 236.31,249.31 236.38,228.75 Z
           M 192.97,235.22
           C 192.97,243.25 187.66,244.00 187.66,244.00
             187.66,244.00 179.00,244.00 179.00,244.00
             179.00,244.00 178.98,226.98 178.98,226.98
             178.98,226.98 187.66,227.00 187.66,227.00
             187.66,227.00 192.97,227.19 192.97,235.22 Z
           M 390.01,257.00
           C 390.01,257.00 389.99,215.99 389.99,215.99
             389.99,215.99 394.00,216.02 394.00,216.02
             394.00,216.02 402.98,256.99 402.98,256.99
             402.98,256.99 390.01,257.00 390.01,257.00 Z
           M 109.98,256.99
           C 109.98,256.99 121.98,257.00 121.98,257.00
             121.98,257.00 121.98,215.99 121.98,215.99
             121.98,215.99 118.00,216.00 118.00,216.00
             118.00,216.00 109.98,256.99 109.98,256.99 Z
           M 182.00,192.97
           C 182.00,192.97 220.00,192.96 220.00,192.96
             220.00,192.96 219.98,163.00 219.98,163.00
             219.98,163.00 173.97,163.00 173.97,163.00
             173.97,163.00 182.02,172.96 182.02,172.96
             182.02,172.96 182.00,192.97 182.00,192.97 Z
           M 237.01,192.98
           C 237.01,192.98 274.99,192.99 274.99,192.99
             274.99,192.99 275.00,163.00 275.00,163.00
             275.00,163.00 237.01,163.00 237.01,163.00
             237.01,163.00 237.01,192.98 237.01,192.98 Z
           M 292.99,192.98
           C 292.99,192.98 329.98,192.95 329.98,192.95
             329.98,192.95 329.97,172.05 329.97,172.05
             329.97,172.05 338.95,163.05 338.95,163.05
             338.95,163.05 293.01,163.00 293.01,163.00
             293.01,163.00 292.99,192.98 292.99,192.98 Z
           M 293.00,318.01
           C 293.00,318.01 292.99,349.98 292.99,349.98
             292.99,349.98 338.99,349.99 338.99,349.99
             338.99,349.99 330.00,340.02 330.00,340.02
             330.00,340.02 329.99,318.01 329.99,318.01
             329.99,318.01 293.00,318.01 293.00,318.01 Z
           M 275.00,318.01
           C 275.00,318.01 275.00,349.99 275.00,349.99
             275.00,349.99 237.01,350.00 237.01,350.00
             237.01,350.00 237.00,318.00 237.00,318.00
             237.00,318.00 275.00,318.01 275.00,318.01 Z
           M 220.00,318.00
           C 220.00,318.00 219.98,349.99 219.98,349.99
             219.98,349.99 174.00,350.01 174.00,350.01
             174.00,350.01 182.02,341.03 182.02,341.03
             182.02,341.03 181.99,318.01 181.99,318.01
             181.99,318.01 220.00,318.00 220.00,318.00 Z" />
</svg>
